000010010011111101011000 1110110101111110 00010111111101, 10011111011010110 11101101101 10011011000010001100010110101010101 10011101110101 01010100111011100100011010010 01111110 11101101101 11100111111100111111101, 0101110000110101111011010100011010010 10011101110101 1101101011110000001 001011100001100100011010010 0011100100 11101101101 0011001111000111100111111101 010111100111010010000101. 000010000010011111010001011101, 01010010011111110001011101, 01010010011111010001011101 01010010011111110001011101! 00001111101101 010111000011101100001 00101011100110101 0110101011110001011000 011101100001 0110101011110001011000, 011101100001 0111 00001011100010000101101 00101100001001010001, "0000100101011110 00110101 01000110, 11110111000011101101001010101011110 000101110011110010110111101011000 110000000 11101101101 1111000100100011010010."

00001111101101 10011011000010001100010110101010101 1111000000011100110001001010001 0011100100 11101100 0101101101 10011111011100 110101110001 00101011111111111111010001 11011011000. 1111000111100100111 10011111011010110 01011101101 001010111001111001011011110 010101001001011011110 110000000 11101101101 000001000110010010, 01011101101 111000111100001101010001 00001011011000111101 00100011111111101.

"000011011110101111110 000111001010101 0111 000001000110010010 100111011101101110 100111010011101101 111101110000111?" 0001101001100111011000011010001 11101101101 1111000100100011010010, 111111100110010011000100011010010 10000111111011011011000 0101001111000001001000010001011010001.

00001111101101 10011011000010001100010110101010101 110100111011010010 11011011000 110110101110001. "00001101111011010110 111100001 10011101110101 01010100111011100100011010010 1111001111101 11101101101 0000011000011101101110011101000110 00110111101 1001011001111100011010110 111100101111111111111 000001011111111111 0100011011101100 11101101101 100111011111101011000. 0000111110101000101 000001000110010010 0000010111100010111011010001 01001110 11110010111001011001100 0000011001000 00110101, 1111001101001010111001110101101 111100001 00101100001001010001 01011100 0011000111001011101." 00001111101101 10011011000010001100010110101010101 010111100111100011101010001 11101100 001011000111101 011110010011101000110. "111100001 001001000110000110010001011010001 11101100 1111111000000101101 1101010000110 011101100001 111111011110 1101010000110 10101111110 000001000110000110 00110111101 1001011001111100011010110 001001111101111110101, 00011000010001101001100 000001000110000110 00110111101 1001011001111100011010110 001010011100100, 011101100001 01011111110110100100 11000110 00110111101 1001011001111100011010110 11110011010001."

00001111101101 1111000100100011010010 111111100110010011001010001 01111110 11101101101 000001000110010010 011101100001 111011011100001111001011011110 0000011001000 0111 1001111101010011111101 11110011010000011001000101 1101101 01010010011001001100101. "000011111011010110 111101110000111 001100011101011110 100110010110100100 1111011100001111000 00100100011000011001000101101, 00110111101 000101110011110010110111101011000."

00001111101101 10011011000010001100010110101010101 10011000110101100111 01011101101 001100011101011110 11001111001101111101, 01011100 01011101101 111111011110 11101101101 000001000110010010 11101100 00101110000110101 01000110010101000001101. 00001111101101 000001000110010010 1101110000100001001010001 01000110 01110000011101011000 11011011000 011101100001 1111000000011100110001001010001 0011100100 0100011011101100 11011011000 001011101011101001000 011101100001 010111101000011101001001011011110 1100011011101100 11101101101 11100111111100111111101. "1111000111100100111 001000011101011101 1111011100001111000 1001011001111100011010110 001001111101111110101 011010101111000 00110101." 0101011101000001 11101101101 000001000110010010, "01011100 1110110101111110 100111101 001100111111101 10101111110 1110110010010101111011011011000." 000011000101 01011101101 000101000001 01011100, 11101101101 000001000110010010 111111010111001001110 1100011011101100 11011011000 001001111101111110101 011101100001 01111110101 0011100100 01111111111111 11011011000 00010100011001101011000, 10011111010100001011101 10011101110101 1111000000011101011110 01110101 1001111011111111111, 1111001101001010111001110101101 11101101101 10011011000010001100010110101010101 0001010000010110'1110 0000010110111111 0011000111001011101 1111101001001100101 101011111100100011010010.

11110001110100001001101110, 11101101101 000001000110010010 00011000011101101001100 000001000110000110 11011011000 1111101001110111011111101 1001011001111100011010110 001010011100100 0011101101110010011111 01001110 10011101110101 000011010110011101001110101 10100110001001110111101. 0000100011000011010111011100100111 11101101101 10011011000010001100010110101010101 0001010000010110'1110 0000010110111111 01111110 01111111111111 111011010100100001011110111101 1010100111011011011000! 000011000000011101011000 11101101101 000001000110010010 110101110001 00000010001100100010111011010001, 1101101 1110110011001001100 11000110101 10010100010101111110 11111101011100100 011101100001 111110111011000011010001 11000110 11101101101 10011011000010001100010110101010101'0101 10011000110101101. "00001001111100 01111001110111111101 111101110000111 001111001011111111101, 001011100111110001 000001000110010010!" 01011101101 01010010110001010111001101010001. "111100001 10011101001111111111 011010100001011011000 111111011110 111101110000111 01011111110110100100 11000110 00110111101 111111100000010110111111111101, 001011111110101110110 11110011010001!"

0000111110101111110 0011001110001101 11101101101 1111000100100011010010 00001011011000111101 01110110100101000111101. "0000111110101000101 000001000110010010 110110111111001001010001 111101110000111 10011111011010110 111101110000111 011010110100011010001 01001110. 1111000111100100111 111101110000111 001100011101011110 100110010110100100 1111011100001111000 00100100011000011001000101101 11101100 1101010000110."

00001101001011000111101 00111011010011101001111111111010001101001011111111101 11101101101 10011011000010001100010110101010101 0010001000010110011001010001 0011100100 11101101101 000001000110010010 011101100001 0010101111000100001001010001 1101010000110 0011100100010111100111010010000101 11101100 11011011000 10001100110000110. 00001101111011010110 11101101101 000001000110010010 1101110000100001001010001 0100011011101100 11101101101 0011001000001000111111101 110000000 11011011000 1001011001111100011010110 11110011010001, 01001110 10011101110101 1111000000011101011110 111011001100 0011000111001011101 0000011001000 11101101101 10011011000010001100010110101010101. 000010001101101 0010000111010111011010001 11101101101 000001000110010010 1101011110000001 011101100001 01001110 000001011111111111 1100011011101100 11101101101 0000011111110011001000. 000011000101 1101101 000001011111111111 1101101 10011101110101 00101110101110110100101010001 0100011011101100 0111 11010111011000010101110000110101 100110110000100011000101101. 00001100 0101001001011111111111 110101110001 11110011011010110 00101011101011110 11000110 1101010000110 1111001111101 01110110 1010000101010011111 10011101001110001011101 011101100001 1100011011111111101 11101101101 10011011000010001100010110101010101 110101110001 11101101101 0010011001001111011000 11101100 1111001100010101111001100 01001110.

00001111101101 10011011000010001100010110101010101 10011101110101 0101001001011010010111011111110101010101. 000010001101101 00000101111111110 00001011011000111101 0101110010001000111101 0100011000011011010001 1110110101111110 01011101101 110101110001 11110011011010110 01011100 0011101101001100010001100001 11101100 11101101101 000001000110010010. 000011000000011101011000 0111 1001111101010011111101, 11101101101 11010111011000010101110000110101 100110110000100011000101101 011101100001 11101101101 10011011000010001100010110101010101 1001111011000101 0011001111000100001001010001, 011101100001 11111010000001011010001 110101110010000100010011111111101 10100001011011000 01110000011101011000.
